1332475
1332476
1393477
1338545
1248259
1340080
1352795
1352795
1019292
1183051
1183051
1045374
1323985
1324561
1332475
1342737
1344279
1355565
1346222
1348527
1351159
1351160
1351161
1351361
1352774
1355297
1355661
1356143
1391918
512894
1249974
512896
1352795
1365813
1410194
1410778
1390011
1182390
1391610
1393455
1069269
1165069
1165071
1248256
1271707
1271710
1272390
1272676
1272681
1273444
1283776
1393478
1037387
1045228
1061881
1064408
1078275
1393542
1394580
1395140
1395141
1395697
1407697
1411932
1411934
1412011
1412340
1412327
1413908
1413910
1414413
1413907
1438087
1438089
1438090
1416694
1441578
1443662
1435543
1437877
1439152
1439282
1440283
1440287
1441455
1441456
1442429
1443498
1443499
1443499
1443499
1443499
1444043
1443662
1443662
1443662
1443662
1443662
1443662
